132407
503310
765535
393367
56198
163197
513480
1184730
21509
1522860
21083
187399
3432722
1137666
1908084
300036
111842
660769
2443738
865183
908083
309353
40543
850364
17218
1300541
561017
1090607
735645
2372655
97291
1245467
848496
178369
843218
137373
114840
1516956
315665
268246
882364
2462270
351402
1765610
61714
2163968
469856
619085
1343133
165353
1742271
873575
1491410
104767
655448
167059
838276
236526
14186
263221
1996925
879603
119125
631647
252494
1337545
339165
1145302
1540702
1287770
351269
340555
533214
1230143
650022
635554
194806
2378
20542
49079
639472
298119
149789
685225
17682
1042941
597940
156570
835604
130852
329641
153422
1649797
1931054
323153
497315
473131
619505
635409
284082
197907
270249
1259548
2079013
94030
18048
372125
745735
848926
183653
1093806
1295204
115765
429350
736648
501703
365464
319923
1484240
1294085
429287
163956
249693
312386
1656736
578215
851796
840270
1517423
156139
912404
767033
86826
347264
441454
484044
5829
70529
255411
97120
729712
128837
236688
193285
528298
2209257
1228263
15271
133176
386479
1744768
132122
1324248
964499
85991
132660
231169
283869
264791
93198
105584
1005721
565218
1837830
243314
136184
1063346
948889
252169
829386
86888
6000
436052
346086
2056050
2048378
328624
644418
894608
643448
391163
1363435
764578
366471
358797
560211
754269
1671219
2073601
113989
315603
28623
426231
331486
999060
4126875
1287641
1029424
285243
1020933
1373795
28124
2993012
1527223
902847
101055
351429
452555
1938046
655798
492277
530147
1262447
431514
59627
531099
3471591
1227072
768783
343005
2576147
804162
902600
1275319
602777
1687802
40874
1829581
443569
116363
417569
262816
916465
650480
408412
297247
884176
170511
660917
1585147
179924
367423
106311
62613
1629008
176092
1820303
152492
189935
885071
513553
1463862
5401
71656
776139
330873
330447
198648
394867
208729
980129
219616
1122549
800635
832042
380816
159432
225814
266996
315825
278362
247840
453200
571955
1832481
1145436
541786
7499
523240
288974
460584
2203795
1777663
212249
87781
657191
136445
26065
75440
1532216
2323947
71840
2845942
283644
274920
653568
223276
417851
285175
930711
348568
203098
188882
47894
850323
783707
54724
784012
56997
167379
2858322
568715
132238
1672613
311593
475853
48037
1200246
1271603
12898
471824
338961
11682
1530856
132196
2383670
97416
1597477
458727
1447834
2255194
1907960
485350
2658849
368618
47195
89890
206689
639201
2021
24415
403142
1440183
176636
130852
388972
175217
681022
2059044
29224
2185377
23672
117983
9584
495217
142402
184542
463543
564698
2911366
161649
132455
551914
561853
895950
1190078
158429
107182
632431
564423
865179
324177
1444792
30826
24458
2956991
1906130
2270709
289699
1105148
20818
629983
1878621
116674
119053
1317015
346512
2852968
2197049
276496
302968
389642
2149229
428558
168586
285549
778787
229083
2423747
595087
41464
108923
741943
491955
98317
35194
1451629
1041712
1410111
770538
224061
596666
439277
707369
445747
52208
773378
41091
840889
224378
1092770
52673
55796
84761
157709
60478
445122
428109
88055
37956
188591
868609
145552
285797
295670
2040828
2277197
1317698
1623390
1419565
312068
580343
31436
191863
164787
2014329
448702
410864
350057
228493
138633
82020
59639
684237
360690
389510
379014
292362
471248
456064
336620
189516
287991
824824
550485
35644
1366810
685355
2064863
173530
103862
1247128
910722
392420
21266
342866
648953
1080940
1128985
181152
747968
121020
371679
663598
836881
330221
518685
33153
1670855
1636553
322034
1004393
328045
945354
933568
259383
1301515
186558
469063
1331556
2110696
21042
754607
532817
323060
335047
649310
4893
420293
571884
1142248
694590
1042426
119788
791154
350753
1606265
1842703
771889
438849
45409
158042
144052
448055
461
1972628
874906
340523
162231
31324
251750
1575202
73610
492343
861704
102485
1321135
89073
3295804
1144375
169599
2369971
601940
1900165
482568
162322
70761
1104572
941921
940688
1266365
221197
1332443
4171
575343
1794059
336950
646225
103715
207230
1251416
128895
9881
897098
196402
165788
303753
810798
743633
282166
15487
726917
109342
139160
500486
633277
620164
82512
151211
18295
2278597
1047013
986889
1265913
622784
820984
577588
156583
1371011
842627
931464
140598
97746
659301
769527
1009437
543935
85665
94165
424212
998269
266106
3936647
191348
1788164
745854
760010
101181
559873
2820013
970703
296596
1005300
649648
319038
1084861
1678198
843800
208424
1472783
36505
764309
1250537
1096
297681
287201
1230598
464468
1053194
448124
282529
51475
1569089
677137
27696
788253
126171
168443
308204
533247
794402
512671
187033
939990
911795
852128
1368036
727551
5104268
161570
504294
3075232
392008
829909
1386356
137408
1063710
217003
151364
803138
356267
368022
576281
509558
202862
102521
172869
187110
465710
429587
526554
1121693
189507
841962
772507
140223
1728147
2384268
331277
750075
1844236
433166
340257
208568
14177
37592
807043
437908
35152
204774
195340
57982
1085610
636428
49776
76017
275565
320196
729041
1009226
347076
863531
328521
801895
269811
4389
209103
1949224
1153620
293166
524955
207144
254775
135220
2687542
351187
1012343
2683068
728953
135760
74683
315129
401263
42740
450911
424924
84942
96632
321547
67047
640777
74873
1142495
1374896
337941
27073
482774
295157
667902
1491890
603478
979234
1907041
121018
639447
288606
591599
28563
475949
288794
864378
16253
833324
599302
83400
262647
346976
176565
1192086
1016194
1024214
1146417
247698
63209
810035
2452479
982364
249020
693434
433387
348353
162801
278080
722329
99620
110356
988677
997455
194692
81305
286114
106526
1072154
1893119
649115
295683
472709
487742
161861
165034
150649
568030
1715382
287476
261104
797
181900
492709
167245
1076090
1159709
1165894
152891
576077
553667
2286785
1035848
208498
830840
542049
137037
264098
278127
280775
55533
1083548
782634
390107
437332
3058675
446101
360061
188734
470266
235173
617718
453670
825793
763894
278699
248193
4640
1209423
1385558
1796724
1094050
35337
394800
2210988
1311246
567377
225323
281879
356272
249993
660281
625906
1794738
171711
802692
22722
173162
7265
1320341
583769
1176014
74541
1608336
2591952
816855
697178
208229
25055
777338
1390889
1313872
44984
845280
615647
217131
278728
547604
1999012
1873153
537428
88849
88305
1764468
216443
163568
17853
356311
204671
1090669
453640
793726
814806
11287
1743016
1034581
615825
565488
535636
621289
212710
822391
1748757
159054
271532
434977
1177894
411191
1123855
754837
79910
219300
266764
133472
48884
934210
131854
374477
1542507
1499144
14973
999610
37638
184995
328282
327348
115179
429495
478210
237766
186949
783495
394229
474066
876743
601058
2063323
19966
392731
969433
455185
1388349
143683
555793
701974
49035
1463730
310214
340253
548252
1788376
2869683
1643715
156612
12685
1563054
1568827
11038
346865
2371282
915448
326080
529900
1478843
77085
776608
806132
261976
721728
54877
168970
57630
527002
1949603
266071
176253
807534
1262576
839333
1084333
588797
378931
265784
197233
609977
540151
282847
50929
120671
889315
326508
17846
173280
182902
156451
478284
155947
324752
336746
25300
1770362
1758655
13359
253088
440849
281603
