0 N 2 502 44
0 N 3 294 33
0 N 4 396 110
0 N 5 203 96
0 N 6 53 23
0 N 7 404 339
0 L 2 3
0 L 3 2
0 L 3 4
0 L 4 3
0 L 4 5
0 L 5 4
0 L 5 6
0 L 6 5
1 P 6 5 1.006375 1.04 1.046375
1.046375 P 5 4 1.046579 1.056375 1.056579
1.056579 P 4 3 1.0566198 1.066579 1.0666198
1.0666198 P 3 2 1.06662388 1.0766198 1.07662388
1.07662388 P 2 3 1.07662796 1.08662388 1.08662796
1.08662796 P 3 4 1.08666876 1.09662796 1.09666876
1.09666876 P 4 5 1.09687276 1.10666876 1.10687276
1.10687276 P 5 6 1.11324776 1.14687276 1.15324776
1.15324776 P 6 5 1.15912276 1.19324776 1.19912276
1.15912276 P 6 5 1.289997759999 1.19912276 1.329997759999
1.19912276 P 5 4 1.19931076 1.20912276 1.20931076
1.20931076 P 4 3 1.20934836 1.21931076 1.21934836
1.21934836 P 3 2 1.21935212 1.22934836 1.22935212
1.329997759999 P 5 4 1.334185759999 1.339997759999 1.344185759999
1.344185759999 P 4 3 1.345023359999 1.354185759999 1.355023359999
1.355023359999 P 3 2 1.355107119999 1.365023359999 1.365107119999
1.365107119999 P 2 3 1.365110879999 1.375107119999 1.375110879999
1.375110879999 P 3 4 1.375148479999 1.385110879999 1.385148479999
1.385148479999 P 4 5 1.385336479999 1.395148479999 1.395336479999
1.395336479999 P 5 6 1.401211479999 1.435336479999 1.441211479999
1.441211479999 P 6 5 1.450086479999 1.481211479999 1.490086479999
1.490086479999 P 5 4 1.490370479999 1.500086479999 1.500370479999
1.500370479999 P 4 3 1.500427279999 1.510370479999 1.510427279999
1.510427279999 P 3 2 1.510432959999 1.520427279999 1.520432959999
1.520432959999 P 2 3 1.520436719999 1.530432959999 1.530436719999
1.520436719999 P 2 3 1.520520479999 1.530436719999 1.530520479999
1.530436719999 P 3 4 1.530474319999 1.540436719999 1.540474319999
1.530520479999 P 3 4 1.531358079999 1.540520479999 1.541358079999
1.540474319999 P 4 5 1.540662319999 1.550474319999 1.550662319999
1.541358079999 P 4 5 1.545546079999 1.551358079999 1.555546079999
1.550662319999 P 5 6 1.556537319999 1.590662319999 1.596537319999
1.556537319999 P 5 6 1.687412319998 1.596537319999 1.727412319998
1.727412319998 P 6 5 1.733287319998 1.767412319998 1.773287319998
1.773287319998 P 5 4 1.773475319998 1.783287319998 1.783475319998
1.783475319998 P 4 3 1.783512919998 1.793475319998 1.793512919998
1.793512919998 P 3 2 1.793516679998 1.803512919998 1.803516679998
1.803516679998 P 2 3 1.803600439998 1.813516679998 1.813600439998
1.803600439998 P 2 3 1.803684199998 1.813600439998 1.813684199998
1.813600439998 P 3 4 1.814438039998 1.823600439998 1.824438039998
1.814438039998 P 3 4 1.815275639998 1.824438039998 1.825275639998
1.824438039998 P 4 5 1.828626039998 1.834438039998 1.838626039998
1.828626039998 P 4 5 1.832814039998 1.838626039998 1.842814039998
1.838626039998 P 5 6 1.969501039997 1.878626039998 2.009501039997
1.969501039997 P 5 6 2.100376039996 2.009501039997 2.140376039996
2.009501039997 P 6 5 2.015376039997 2.049501039997 2.055376039997
2.055376039997 P 5 4 2.055564039997 2.065376039997 2.065564039997
2.065564039997 P 4 3 2.065601639997 2.075564039997 2.075601639997
2.075601639997 P 3 2 2.075605399997 2.085601639997 2.085605399997
2.085605399997 P 2 3 2.085689159997 2.095605399997 2.095689159997
2.085689159997 P 2 3 2.085772919997 2.095689159997 2.095772919997
2.095689159997 P 3 4 2.096526759997 2.105689159997 2.106526759997
2.096526759997 P 3 4 2.097364359997 2.106526759997 2.107364359997
2.106526759997 P 4 5 2.110714759997 2.116526759997 2.120714759997
2.110714759997 P 4 5 2.114902759997 2.120714759997 2.124902759997
2.120714759997 P 5 6 2.251589759996 2.160714759997 2.291589759996
2.140376039996 P 6 5 2.146251039996 2.180376039996 2.186251039996
2.186251039996 P 5 4 2.186439039996 2.196251039996 2.196439039996
2.196439039996 P 4 3 2.196476639996 2.206439039996 2.206476639996
2.206476639996 P 3 2 2.206480399996 2.216476639996 2.216480399996
2.216480399996 P 2 3 2.216564159996 2.226480399996 2.226564159996
2.216564159996 P 2 3 2.216647919996 2.226564159996 2.226647919996
